135264310620945	135264314121070	670945
135730055559875	135730059060000	426875
136080615397525	136080619013555	346525
136295448285945	136295451901975	301945
136536376165080	136536379822070	665080
136855317638430	136855321295420	298430
137152391191470	137152394807500	392470
137397790020955	137397793677945	803955
137576628642945	137576632143070	393945
137647259322950	137647262979940	301950
137713306148015	137713309648140	785015
137883574298025	137883577798150	4015468025
137953703699540	137953707356530	628540
138018809411990	138018812912115	387990
138229150805460	138229154462450	377460
138264204127880	138264207784870	480880
138299271183425	138299274956445	374425
138454527497515	138454531270535	1314515
138454583938505	138454587595495	109505
138604759938530	138604763595520	363530
138830124462395	138830128194455	421395
138900231771535	138900235428525	535535
139000391819540	139000395476530	486540
139065496882985	139065500656005	672985
139135612746970	139135616403960	558970
139232549575990	139232553192020	8040632990
139346013975995	139346017476120	416995
139361030330000	139361034143980	807000
139416123114010	139416126730040	622010
139499768595030	139499772211060	13436565030
139595461561065	139595465061190	365065
139641493841025	139641497573085	6697682025
139676550298965	139676553914995	20925965
139696638291685	139696641907715	1872685
139791847993970	139791851494095	274970
139792030876025	139792034492055	84220025
139861966037540	139861969769600	507540
139933415920025	139933419536055	1245126025
139967132247035	139967135904025	450035
140002185334530	140002188991520	565530
140072427143030	140072430643155	116030
140072428549535	140072432206525	618535
140177544678070	140177548294100	707070
140177645376215	140177649149235	1718215
140180481547030	140180485163060	2837796030
140282728929525	140282732586515	728525
140384941998025	140384945771045	7064146025
140387561642960	140387565299950	9683774960
140417946426005	140417949926130	343005
140427957703030	140427961319060	5044328030
140483054331460	140483057831585	1042460
140494726939030	140494730596020	9923265030
140588348833520	140588352449550	714520
140658374050050	140658377707040	429050
140695883966490	140695887739510	760490
140705967506990	140705971007115	10082127990
140751497876990	140751501493020	15268037990
140798737178585	140798740835575	3376585
140833798375050	140833802032040	768050
140833799126510	140833802742540	423510
140953141479020	140953145095050	15010341020
140969062956530	140969066572560	443530
140969067125980	140969070742010	264980
140973455444995	140973459061025	1191995
141069277460525	141069281233545	737525
141104326704985	141104330518965	640985
141104946992020	141104950608050	518795020
141204604434080	141204608091070	2014080
141235983163460	141235986936480	407460
141244721137990	141244724794980	285128990
141264622377645	141264625993675	1188645
141266264182025	141266267914085	783025
141354743897985	141354747554975	340985
141384890952555	141384894609545	1585555
141414846728935	141414850542915	1099935
141474935078440	141474938694470	235440
141545126574490	141545130388470	923490
141580142114410	141580145887430	658410
141580235832920	141580239448950	322920
141650283361000	141650287134020	428000
141650380626545	141650384242575	1767545
141685359239240	141685362896230	785240
141733956825980	141733960442010	738980
141820781776485	141820785549505	226485
141841177812990	141841181586010	6412095990
141890823065530	141890826797590	360530
141890824792890	141890828524950	778890
141890924321605	141890927937635	1284605
141960967495980	141960971152970	222980
141984847913030	141984851413155	8842407030
142093772764030	142093776537050	7575577030
142101324127995	142101327901015	763995
142171468990540	142171472647530	393540
142171564612995	142171568269985	574995
142241612776335	142241616549355	719335
142241612797755	142241616529815	727755
142241614902435	142241618675455	1076435
142276683591480	142276687364500	452480
142365443639990	142365447453970	3614114990
142381964484955	142381968141945	1281955
142416939200430	142416942857420	491430
142487179441065	142487183214085	793065
142502011447990	142502015261970	4918128990
142522141970965	142522145743985	489965
142522203396140	142522207210120	1461140
142634474967950	142634478781930	380950
142687416223515	142687419839545	450515
142714807685030	142714811499010	7362210030
142757543476935	142757547249955	455935
142757550038455	142757553852435	455455
142757646232720	142757649732845	1095720
142792716223040	142792719996060	1357040
142827791167515	142827794940535	288515
142897821568925	142897825382905	340925
142934622942995	142934626756975	522995
143003013364025	143003017021015	9453553025
143003014363020	143003018136040	716020
143003018002495	143003021618525	296495
143073157771025	143073161585005	5008671025
143073259582995	143073263315055	112995
143073262675670	143073266448690	2030670
143147366498905	143147370230965	404905
143234650639980	143234654256010	483980
143283558676970	143283562490950	281970
143283560614500	143283564387520	673500
143283564563005	143283568336025	686005
143293573225990	143293576882980	5070096990
143318717454995	143318721228015	1626995
143353714694025	143353718467045	100025
143353716110000	143353719766990	731000
143418791400980	143418795174000	228980
143418893474210	143418897206270	1365210
143488943046905	143488946662935	1177905
143524006302580	143524010034640	5861167580
143560893934485	143560897748465	414485
143596126153475	143596129769505	524475
143606771449025	143606775222045	10645310025
143664367596695	143664371369715	3117695
143699334661440	143699338393500	541440
143699337430460	143699341203480	706460
143699337509010	143699341125040	543010
143699338524015	143699342256075	455015
143734509702925	143734513516905	2336925
143735255879985	143735259536975	391985
143764570980185	143764574637175	1079185
143824570511555	143824574243615	498555
143854616784525	143854620557545	270525
143854617553545	143854621326565	313545
143884665395980	143884669012010	434980
143884754330510	143884758103530	377510
143944761212025	143944764869015	473025
143974855564960	143974859337980	1002960
143974856379535	143974859995565	1817535
144039915621445	144039919394465	525445
144064952140545	144064955872605	501545
144100109097325	144100112829385	980325
144120719231990	144120722888980	15145680990
144134706148960	144134709962940	690960
144134707777880	144134711591860	720880
144170138845570	144170142502560	118570
144170236297120	144170239954110	889120
144205190977020	144205194709080	711020
144205195615955	144205199429935	289955
144224856496025	144224860269045	10223677025
144310606395220	144310610168240	1186220
144344247379020	144344251036010	1806527020
144345669808925	144345673540985	547925
144349898404950	144349902061940	4229117950
144354515700030	144354519473050	8846287030
144375821010505	144375824824485	890505
144410791747810	144410795479870	732810
144410792476990	144410796093020	569990
144480938442980	144480941943105	466980
144516008807365	144516012464355	676365
144551082938595	144551086711615	447595
144551179833915	144551183606935	787915
144556101705035	144556105437095	1686688035
144586253319620	144586257133600	860620
144586254490555	144586258106585	2031555
144591173292030	144591176949020	1620565030
144656300059005	144656303832025	760005
144656301742525	144656305358555	289525
144691469220985	144691472994005	1430985
144691469324045	144691473097065	1534045
144726540556975	144726544213965	1297975
144761517387495	144761521201475	449495
144852125410945	144852129224925	15247823945
144861673580030	144861677428120	490030
144861674346015	144861678078075	561015
144874477849990	144874481466020	7784752990
144896745878985	144896749652005	635985
144896749210460	144896752867450	511460
144896847214540	144896850987560	2379540
144931816453045	144931820069075	617045
144931916762660	144931920535680	415660
145028500266950	145028503767075	13796699950
145033513459025	145033517191085	10037452025
145034872151985	145034875965965	553985
145034921331115	145034925261125	1140115
145078764791020	145078768448010	6578628020
145107145075930	145107148691960	797930
145142217731490	145142221504510	498490
145144626757505	145144630530525	376505
145177289121410	145177292853470	593410
145177290461005	145177294077035	296005
145212367747995	145212371521015	939995
145212460324585	145212463981575	1053585
145222389886545	145222393659565	723545
145247431069985	145247434883965	315985
145277502372010	145277506302020	627010
145335007654845	145335011427865	723845
145347623578475	145347627351495	355475
145347624354930	145347628127950	373930
145382678614935	145382682271925	309935
145382686134430	145382689907450	475430
145386722931060	145386726704080	604060
145462806790475	145462810563495	288475
145467302263970	145467306036990	462970
145482776464030	145482780196090	14962790030
145497867703995	145497871320025	1211995
145502726500030	145502730273050	4859687030
145522876201990	145522879934050	10105015990
145527930105980	145527933722010	538980
145593053547810	145593057436860	1952810
145698254155450	145698257969430	504450
145713269077500	145713272809560	10016120500
145733309221945	145733313035925	493945
145734786928990	145734790702010	572990
145803416037975	145803419654005	408975
145803417200865	145803420973885	1032865
145803418708915	145803422481935	152915
145838493210245	145838497024225	741245
145876206457020	145876210073050	2657793020
145903590833485	145903594606505	280485
145903594080495	145903597894475	574495
145903594159050	145903597932070	379050
145903596631025	145903600404045	1987025
146014929519025	146014933449035	6148446025
146032705760980	146032709534000	15080452980
146043836138375	146043839795365	358375
146047940338520	146047944152500	1108520
146113942719975	146113946492995	378975
146113944541925	146113948355905	765925
146183926583030	146183930397010	165699030
146214117610960	146214121383980	1355256960
146242004740400	146242008356430	678400
146242006024475	146242009797495	367475
146279225775765	146279229548785	764765
146314293586975	146314297359995	4342857975
146314299926950	146314303740930	403950
146384426565930	146384430297990	296930
146384426855455	146384430669435	550455
146384429617020	146384433431000	608020
146384430969495	146384434783475	507495
146415952286635	146415956100615	518635
146444520382490	146444524196470	249490
146446173066055	146446176723045	528055
146459269972025	146459273629015	4736844025
146466336220980	146466340150990	11802886980
146476535298545	146476539071565	343545
146582327120980	146582330894000	15045489980
146660165381955	146660169114015	418955
146678154179980	146678157912040	13284890980
146684903103405	146684906917385	486405
146684906660995	146684910474975	348995
146684908093430	146684911866450	742430
146684909099970	146684913029980	817970
146708382936025	146708386668085	8457803025
146714780369030	146714784183010	6397615030
146759348420025	146759352152085	9335547025
146789268898985	146789272515015	4107858985
146834733806960	146834737620940	10011523960
146844452767970	146844456540990	547970
146859983408500	146859987181520	328500
146890232563495	146890236179525	815495
146995423939345	146995427828395	2721345
147030476308930	147030480040990	363930
147030476608565	147030480422545	294565
147030476975980	147030480749000	538980
147030477998980	147030481731040	772980
147065534593445	147065538407425	802445
147112360483025	147112364297005	11770630025
147122441208990	147122445022970	1828476990
147135638630530	147135642444510	810530
147208252801965	147208256615945	2403410965
147275868650370	147275872266400	616370
147275869537825	147275873310845	640825
147275871286345	147275875134435	1563345
147310918334020	147310921991010	492020
147316183784315	147316187598295	662315
147316186380045	147316190194025	1131045
147345997427975	147346001200995	1644975
147381053490975	147381057263995	558975
147381054605925	147381058419905	764925
147444494923050	147444498696070	1296050
147451161309960	147451165082980	642960
147486215318540	147486219091560	514540
147521274900525	147521278516555	317525
147556330922840	147556334695860	529840
147601705456030	147601709188090	5306734030
147621432938990	147621436671050	917990
147621433427920	147621437241900	451920
147656488212380	147656492026360	333380
147726598371005	147726602144025	542005
147726603745825	147726607477885	583825
147737937726025	147737941540005	7207816025
147761658349500	147761662163480	748500
147783177084985	147783180858005	14961402985
147796713673965	147796717446985	727965
147831766899980	147831770556970	160980
147831767886985	147831771619045	676985
147866827435475	147866831092465	153475
147936942556000	147936946445050	1180000
147937034314010	147937038127990	189010
147954436400030	147954440214010	14735144030
147975083689975	147975087422035	575975
147985216772025	147985220545045	10131445025
148007047354830	148007050854955	462830
148007048664465	148007052437485	609465
148077163856450	148077167629470	166450
148077166821020	148077170553080	596020
148106089097005	148106092713035	10051501005
148182327447440	148182331220460	506440
148182329531985	148182333345965	691985
148182330484400	148182334257420	306400
148217383070045	148217386843065	355045
148217387185535	148217390917595	526535
148242559000970	148242562657960	10154257970
148247431222665	148247435036645	667665
148247435804430	148247439420460	464430
148282489719370	148282493492390	776370
148282491657975	148282495314965	1156975
148317541669500	148317545558550	1033500
148344538308990	148344542122970	1994990
148387657492485	148387661149475	228485
148457775329260	148457779061320	1782260
148492826558980	148492830488990	432980
148492827329410	148492831102430	634410
148514619684945	148514623498925	10020068945
148527881010930	148527884783950	784930
148527881417540	148527885190560	689540
148527886094410	148527889908390	1095410
148562935178040	148562938992020	515040
148562936583020	148562940472070	721020
148590196488990	148590200262010	15026995990
148597995450900	148597999223920	538900
148625518563995	148625522296055	11068343995
148633046318985	148633050092005	310985
148635631019485	148635634676475	434485
148738236058915	148738239790975	429915
148767102873945	148767106646965	12530796945
148777319027480	148777322800500	223480
148808344781975	148808348554995	551975
148823287699030	148823291472050	9938545030
148843405996950	148843409612980	975950
148843497908985	148843501682005	777985
148848179639505	148848183412525	458505
148848404672985	148848408486965	222612985
148868304439950	148868308253930	13686828950
148893669712025	148893673642035	10208584025
148903498171345	148903502060395	487345
148938550223980	148938553997000	633980
148944569353475	148944573167455	840475
148973609093505	148973612866525	617505
148993636474030	148993640131020	5007472030
149008668980335	149008672794315	527335
149113835865380	149113839679360	163380
149113837715815	149113841372805	637815
149115999454030	149116003227050	1501680030
149126068670980	149126072519070	10066813980
149166404938025	149166408908995	10043512025
149178933350505	149178937123525	683505
149178937187500	149178940960520	881500
149179033532580	149179037305600	598580
149184655243025	149184659057005	3129749025
149234020504025	149234024120055	9756605025
149244597340025	149244601113045	2609173025
149277229683950	149277233416010	3144840950
149354216627265	149354220516315	890265
149354313200045	149354316973065	91867045
149358011169520	149358015058570	427520
149389270327970	149389274060030	704970
149393213860030	149393217633050	3936746030
149424327341940	149424331074000	545940
149424330617980	149424334350040	501980
149428491954325	149428495454450	231325
149428493809490	149428497541550	1834490
149459381733975	149459385506995	477975
149459388616540	149459392389560	593540
149494441327500	149494445059560	595500
149524490921850	149524494735830	398850
149529290127835	149529294016885	234835
149529290808030	149529294540090	681030
149554743283940	149554747056960	965940
149614628534025	149614632307045	14538080025
149614637844990	149614641775000	430990
149655414514975	149655418015100	5031404975
149684744909540	149684748682560	652540
149684745920995	149684749694015	673995
149684746453545	149684750267525	489545
149714791022080	149714794952090	454080
149714792478075	149714796326165	930075
149729813026975	149729816799995	3630520975
149744837148015	149744841078025	142289015
149774886480460	149774890253480	360460
149804933981905	149804937911915	585905
149804941134535	149804944866595	581535
149827361502990	149827365276010	10132683990
149834980712020	149834984526000	1175575020
149844679980950	149844683753970	1132950
149875049535490	149875053192480	152490
149910107083405	149910110897385	382405
149945165360920	149945169133940	530920
149980215454010	149980219111000	622010
150015275951965	150015279881975	783965
150015278604510	150015282336570	1000510
150015369835515	150015373608535	518515
150049486809025	150049490739035	4170200025
150050328221500	150050332151510	745500
150085381268985	150085385239955	618985
150085383328515	150085387101535	296515
150085384897020	150085388629080	1136020
150085386889940	150085390546930	446940
150085389905555	150085393719535	700555
150085391612425	150085395501475	2146425
150124977356015	150124981129035	533015
150144699291580	150144703064600	325580
150220602682370	150220606298400	413370
150247751476990	150247755250010	11783068990
150255659895825	150255663668845	388825
150259205171065	150259208903125	368065
150325774121415	150325778010465	794415
150325866809510	150325870466500	644510
150372505877005	150372509609065	10209126005
150373724770990	150373728584970	6279046990
150377724552025	150377728441075	5218995025
150387617356020	150387621088080	12854575020
150395896011565	150395899859655	591565
150395995037625	150395999008595	708625
150400900538025	150400904270085	4905867025
150413091506030	150413095279050	12191150030
150433524668490	150433528441510	1194490
150466005573450	150466009387430	326450
150466008758490	150466012572470	357490
150501063199000	150501066972020	412000
150536121576960	150536125506970	322960
150554377380970	150554381037960	9978354970
150574643850590	150574647623610	542590
150574644201995	150574647858985	876995
150606230132060	150606234021110	367060
150641386600995	150641390374015	669995
150645317332540	150645321064600	744540
150676347640525	150676351413545	486525
150711397106975	150711401036985	480543975
150711399933995	150711403666055	788995
150744734917090	150744738649150	517090
150744735232525	150744738848555	421525
150744735304865	150744739193915	493865
150744735847495	150744739777505	801495
150744735926355	150744739856365	614355
150744810743035	150744814557015	479035
150756329675025	150756333407085	6260772025
150781514393955	150781518126015	706955
150851625136475	150851628909495	415475
150886684645985	150886688459965	490985
150886686441510	150886690098500	648510
150921740381495	150921744311505	330495
150924529080990	150924532970040	2695097990
150927081696485	150927085428545	1500485
150954928054030	150954932025000	12254095030
150991846686425	150991850616435	221425
150991853046445	150991856778505	662445
151026907792900	151026911681950	282900
151044837103995	151044840877015	384995
151044838588495	151044842436585	1869495
151061959952995	151061963726015	443995
151066964768990	151066968658040	2856924990
151097021431385	151097025279475	767385
151132071060465	151132074833485	405465
151132073972540	151132077745560	497540
151134532415530	151134536188550	304530
151134533746860	151134537362890	960860
151202186633560	151202190249590	693560
151205060566030	151205064339050	760030
151237240334955	151237244224005	727955
151272293300990	151272297190040	553990
151272293497995	151272297230055	603995
151272300287515	151272304060535	475515
151273914138030	151273918068040	1520041030
151342409745480	151342413559460	357480
151342410323910	151342414253920	505910
151342412455525	151342416385535	334525
151344886132030	151344889905050	523030
151344886870480	151344890759530	405480
151377477027025	151377480957035	727707025
151377484241990	151377488015010	300990
151412533970975	151412537784955	453975
151412534519460	151412538449470	428460
151447591594950	151447595251940	671950
151487489402560	151487493175580	696560
151517700424020	151517704313070	4999255020
151517705899430	151517709631490	418430
151542743765525	151542747538545	518525
151542746706265	151542750438325	427265
151547748466995	151547752280975	5000955995
151577807377905	151577811307915	2040905
151577900812125	151577904585145	1233125
151612870818520	151612874550580	487520
151612874520025	151612878334005	594025
151628518669985	151628522599995	13930925985
151629445311025	151629449281995	11071001025
151644911140460	151644914988550	139460
151682987727485	151682991500505	840485
151718039018425	151718042907475	136425
151718041919480	151718045692500	581480
151718044980005	151718048596035	401005
151718045146375	151718049035425	505375
151753099204740	151753103175710	401740
151788264519980	151788268293000	727980
151788268663030	151788272436050	233030
151824872869990	151824876683970	708990
151824873231940	151824877161950	1035940
151835023546020	151835027319040	10150619020
151858378056010	151858381986020	268010
151878404710030	151878408483050	3968970030
151893531357045	151893535089105	574045
151928491689435	151928495619445	652435
151928492036735	151928495768795	654735
151928493518510	151928497250570	942510
151945006429920	151945010359930	430920
151964801155025	151964805044075	1256124025
151984514920030	151984518809080	942280030
152033660287070	152033664019130	748070
152033661498945	152033665312925	1082945
152036517767025	152036521383055	403025
152068711686005	152068715459025	800005
152068810330555	152068814301525	808555
152091905789945	152091909522005	3165121945
152103767258445	152103771106535	969445
152137165017030	152137168865120	12490180030
152138822517560	152138826331540	532560
152138922473520	152138926246540	1150520
152177515968470	152177519857520	783470
152203927579980	152203931312040	927980
152238988871400	152238992644420	1082400
152238990356455	152238994088515	1040455
152243279760980	152243283650030	339980
152273810404030	152273814375000	9789785030
152309094536505	152309098350485	442505
152309101162475	152309104819465	635475
152309178805010	152309182578030	618010
152344172368115	152344176141135	617115
152348961930025	152348965662085	732025
152369204965020	152369208779000	734020
152374217473965	152374221363015	386965
152374217585980	152374221399960	440980
152374221742475	152374225713445	1631475
152379137335070	152379141224120	480070
152379138290500	152379142220510	440500
152409269375000	152409273305010	12168000
152429509987990	152429513918000	14785909990
152439325734545	152439329507565	723545
152474745678970	152474749527060	499970
152544487823030	152544491596050	559030
152574539329950	152574543062010	264950
152604585995995	152604589769015	216995
152604667217915	152604670990935	613915
152605896284055	152605900173105	1229438055
152634630434055	152634634207075	436055
152634636497510	152634640270530	511510
152636133762905	152636137535925	294905
152664677393510	152664681282560	572510
152664683878905	152664687726995	336905
152666403957870	152666407730890	347870
152666405045465	152666409016435	1252465
152666405112935	152666409001985	1305935
152671413133990	152671417023040	5009267990
152694731906010	152694735754100	369010
152724772863020	152724776363145	304204020
152724779084195	152724782857215	680195
152724781095590	152724785066560	571590
152757301449025	152757305379035	20197025
152769844669985	152769848443005	2510511985
152814923481530	152814927370580	763530
152837964644990	152837968458970	8024518990
152849976803995	152849980536055	517995
152849977049010	152849980979020	471010
152885037534055	152885041423105	565055
152885109786580	152885113716590	1476580
152920084646985	152920088460965	6575125985
152920087825960	152920091674050	763960
152955147316425	152955151246435	457425
153025268425030	153025272239010	10015642030
153025271802885	153025275575905	523885
153025274716480	153025278489500	404480
153025372986140	153025376916150	1615140
153055316454025	153055320268005	5007625025
153060327302955	153060331151045	648955
153060328652995	153060332623965	406995
153095383524975	153095387257035	795975
153095389708375	153095393481395	447375
153115237526025	153115241183015	10457928025
153120420671030	153120424444050	5607594030
153130068888955	153130072818965	512955
153153254461955	153153258194015	721955
153153259652265	153153263541315	1129265
153160487005540	153160490778560	341540
153165610341060	153165614114080	956060
153175684177025	153175688066075	10073651025
153195549127550	153195553057560	506550
153265663222855	153265667070945	2307855
153291583539945	153291587312965	15215216945
153300809506520	153300813354610	112520
153335770451960	153335774341010	648960
153370822844010	153370826617030	531010
153370827490510	153370831222570	1020510
153370829395040	153370833284090	421040
153394713029990	153394716960000	11975261990
153405878062985	153405881911075	805985
153405885891500	153405889821510	990500
153440935707915	153440939521895	845915
153440938205980	153440942135990	267980
153440938649445	153440942422465	534445
153454437165965	153454440898025	261965
153454438509955	153454442282975	750955
153488188763950	153488192693960	10036333950
153493939180990	153493943111000	9315271990
153511052792355	153511056681405	825355
153546122720240	153546126650250	147240
153581174333945	153581178263955	454945
153581179269540	153581183158590	925540
153581182096025	153581185753015	521025
153634719470930	153634723359980	10049852930
153654867625060	153654871398080	513060
153654869998020	153654873730080	615020
153721414871535	153721418760585	480535
153721416086015	153721419975065	826015
153721416530485	153721420460495	1172485
153721421312925	153721425085945	651925
153754456196745	153754460126755	282745
153754459040995	153754462814015	412995
153761312132025	153761316021075	4840443025
153791526260935	153791530109025	486935
153791527193940	153791531007920	716940
153791529636975	153791533526025	627975
153794435923025	153794439812075	2861528025
153796319037060	153796322967070	1883296060
153796321059005	153796324791065	290005
153796321237940	153796325086030	422940
153856636635460	153856640606430	879460
153856731141495	153856735030545	970495
153866899190020	153866903160990	10168480020
153926744799490	153926748647580	903490
153961805926255	153961809897225	1150255
153961805933870	153961809863880	1157870
153996965661025	153996969591035	701025
153997069731435	153997073388425	1480435
154032235324540	154032239213590	1379540
154054585907960	154054589797010	350960
154054588744970	154054592558950	619970
154054682511460	154054686359550	92578460
154102250636940	154102254409960	197940
154102252234500	154102255891490	913500
154102347761245	154102351691255	823245
154130019855025	154130023785035	10604631025
154137317835030	154137321765040	797030
154137318597975	154137322370995	253975
154137320089885	154137323821945	940885
154137322545985	154137326435035	475985
154172390551500	154172394324520	262500
154172392011050	154172395900100	839050
154172393515885	154172397445895	708885
154242537308510	154242541238520	447510
154242540053290	154242543983300	537290
154277801851530	154277805781540	111530
154277803334495	154277807182585	648495
154291168179990	154291172110000	13365204990
154312778027530	154312781957540	342530
154316035018495	154316038634525	378495
154382885967970	154382889857020	421970
154382891278535	154382895167585	705535
154387014948475	154387018721495	367475
154407247908025	154407251838035	10107377025
154417942132930	154417945946910	793930
154417943961000	154417947891010	561000
154417947404455	154417951334465	239455
154417947568330	154417951341350	215330
154417948141840	154417952071850	754840
154417950138475	154417953952455	559475
154437553993030	154437557725090	12978939030
154473002590970	154473006439060	15203868970
154483045481020	154483049370070	640020
154548252890370	154548256820380	710370
154583208734005	154583212350035	748005
154583209782030	154583213712040	472030
154583213046995	154583217017965	393995
154583307197510	154583310854500	640510
154653323942435	154653327756415	505435
154653324599920	154653328488970	781920
154653327104970	154653330918950	1554970
154688377004495	154688380893545	948495
154688379850980	154688383351105	1056980
154723430050460	154723433939510	587460
154723434883985	154723438813995	306985
154723435945470	154723439834520	631470
154723436655585	154723440626555	588585
154728148945025	154728152793115	4618501025
154758487450440	154758491223460	595440
154758587225540	154758591155550	621540
154758587420045	154758591193065	725045
154758587614930	154758591463020	919930
154793546158000	154793550088010	290000
154793546635965	154793550525015	231965
154793547831555	154793551720605	527555
154815889126000	154815892858060	7324543000
154830974708025	154830978556115	2276005025
154863657657010	15486366